#
# letbigram.txt, 15 Mar 12
#
# Case-sensitive letter and bigram frequency counts from large-scale English corpora
# Michael N. Jones and D. J. K. Mewhort
# Behavior Research Methods, Instruments, & Computers 2004, 36 (3), 388-396

 ,a,b,c,d,e,f,g,h,i,j,k,l,m,n,o,p,q,r,s,t,u,v,w,x,y,z
a,7.38,11.5,12.2,12.1,9.25,10.6,11.6,9.03,12.4,9.03,11.0,13.1,11.9,13.8,7.79,11.4,7.95,13.3,13.0,13.5,11.1,11.6,10.5,9.64,12.0,9.23
b,11.4,9.00,6.57,6.50,12.4,3.85,3.56,5.33,10.9,8.14,3.56,11.5,6.93,5.61,11.5,5.25,0.0,10.6,10.2,8.52,11.3,7.05,6.57,0.0,11.4,2.71
c,12.4,4.08,10.4,5.76,12.7,3.00,0.69,12.5,11.7,1.10,11.4,11.1,4.89,4.90,12.8,3.76,7.87,11.2,9.47,12.1,11.2,1.95,3.00,0.69,9.93,5.82
d,11.6,7.33,7.73,10.1,12.8,7.46,9.83,7.55,12.2,7.54,5.46,9.76,9.44,9.16,11.4,6.09,6.83,10.7,11.0,7.30,11.0,9.31,8.73,0.00,9.98,5.09
e,12.8,10.2,12.4,13.3,12.2,11.2,11.0,9.36,11.3,7.58,9.97,12.4,12.0,13.4,10.6,11.4,9.52,13.9,13.4,12.3,9.23,11.6,11.5,11.3,11.4,8.43
f,11.1,4.32,4.78,3.50,11.5,11.3,6.02,3.64,11.9,4.23,5.42,10.1,6.27,5.31,12.4,3.26,0.0,11.5,8.16,10.8,10.5,3.81,4.91,1.39,8.18,2.56
g,11.4,5.36,3.58,6.81,12.2,6.20,9.57,11.7,11.0,3.09,4.68,9.99,7.66,10.4,11.0,5.28,1.95,11.3,10.3,9.35,10.6,2.94,5.96,2.08,9.12,3.64
h,13.1,8.20,6.35,7.84,14.1,6.60,5.24,6.21,12.6,3.50,5.91,9.00,8.58,9.71,12.4,5.91,5.12,10.6,9.32,11.2,10.2,5.18,8.07,0.0,9.54,2.64
i,11.9,10.4,12.8,12.4,12.1,11.1,11.8,6.54,7.10,7.21,10.4,12.5,11.8,14.0,12.7,10.5,8.09,11.9,13.1,13.1,8.71,11.7,6.71,9.25,6.69,10.2
j,8.52,1.61,3.43,3.56,9.39,2.08,0.0,1.10,7.24,2.30,3.76,2.40,3.93,3.37,10.0,1.61,0.0,1.39,2.30,2.56,10.1,0.69,0.0,0.0,1.39,1.79
k,9.21,6.78,4.55,6.64,11.9,6.73,6.35,7.68,11.0,3.85,6.42,9.22,6.53,9.80,8.42,6.30,0.0,8.04,10.5,6.95,7.46,5.42,7.05,0.00,8.70,2.56
l,12.5,8.60,8.44,11.9,12.9,10.0,7.95,7.18,12.7,4.22,9.54,12.7,9.68,7.78,12.0,9.50,3.43,8.53,11.3,10.9,10.9,9.58,8.49,3.40,12.1,6.25
m,12.3,10.7,5.82,5.65,12.8,7.59,4.80,5.64,12.0,3.56,4.30,7.21,10.8,7.95,12.0,11.8,1.39,5.81,10.6,5.84,10.7,4.43,4.88,0.0,9.84,2.89
n,12.0,8.42,12.2,13.3,12.8,10.2,13.2,9.07,12.1,8.40,10.5,10.1,9.81,10.9,12.1,7.93,7.36,8.38,12.4,13.1,10.7,10.3,8.30,7.55,11.1,7.75
o,10.5,10.6,11.2,11.3,9.82,13.0,10.6,9.43,10.8,8.47,10.6,12.1,12.6,13.6,11.7,11.7,6.27,13.4,11.9,12.2,12.9,11.5,12.0,8.62,9.85,8.30
p,12.0,6.81,5.74,5.81,12.3,6.47,7.80,10.4,11.0,4.91,6.47,11.8,8.67,5.60,12.0,11.1,2.08,12.2,10.2,10.4,10.9,1.10,5.85,0.00,8.97,3.58
q,3.30,1.95,0.0,0.00,0.69,0.69,0.00,0.0,6.64,0.0,0.0,1.10,0.0,0.00,0.00,0.0,1.10,0.0,1.10,1.95,10.9,1.79,0.69,0.0,0.0,0.0
r,12.8,9.63,11.2,11.6,13.7,9.61,11.0,8.83,12.7,5.58,11.4,10.8,11.3,11.5,12.8,10.1,6.18,11.0,12.5,12.2,11.0,11.0,8.79,5.47,11.6,6.92
s,12.1,8.59,11.1,9.10,12.9,8.62,6.66,12.0,12.5,4.16,10.2,10.4,10.1,9.18,12.0,11.3,8.25,8.72,12.2,13.2,11.7,6.44,9.15,0.00,9.75,5.97
t,12.5,8.43,9.81,7.32,13.3,8.08,7.71,14.2,13.2,4.17,6.14,10.7,9.83,8.95,13.2,7.33,1.95,12.2,12.2,11.4,11.4,6.49,10.5,2.83,11.5,8.49
u,10.9,10.8,11.3,10.9,11.2,9.19,11.1,6.29,10.8,5.98,8.08,11.9,11.0,12.1,8.53,11.2,5.73,12.3,12.3,12.4,5.42,7.31,6.43,7.56,8.94,7.43
v,10.8,0.00,6.05,4.20,12.9,0.00,4.52,1.39,12.0,0.69,3.18,5.15,2.40,5.34,10.4,0.0,0.0,6.23,6.43,3.71,6.76,4.74,0.0,0.0,8.11,1.10
w,12.1,6.89,6.09,7.88,11.8,6.22,3.71,12.0,12.1,0.0,7.07,8.85,7.31,10.7,11.7,5.53,1.95,9.53,10.0,7.87,4.69,0.69,2.94,0.00,8.43,2.20
x,9.11,3.78,9.11,0.00,9.61,5.59,1.10,7.76,9.11,0.0,0.0,5.06,4.39,2.94,7.47,10.3,4.76,1.39,4.55,9.75,7.96,4.62,6.11,5.06,6.00,0.00
y,9.16,8.22,8.48,7.77,11.4,6.35,6.34,6.24,9.92,3.09,5.96,9.07,9.49,9.11,10.6,8.63,1.61,8.97,10.7,8.86,6.57,5.64,8.04,4.42,3.43,6.56
z,9.41,5.86,3.69,4.73,10.1,2.56,5.00,6.32,8.93,0.69,5.29,6.95,6.00,4.67,8.13,4.98,3.14,4.75,4.98,4.84,6.85,4.84,5.21,0.0,7.23,8.10

 ,a,b,c,d,e,f,g,h,i,j,k,l,m,n,o,p,q,r,s,t,u,v,w,x,y,z
A,5.55,9.51,8.44,9.08,6.20,8.99,8.06,5.74,8.03,3.40,5.99,9.83,10.2,10.2,3.22,8.52,5.44,9.60,9.67,9.25,8.67,8.27,6.67,4.49,5.71,6.61
B,9.95,4.54,4.69,4.91,9.87,4.69,4.55,4.73,9.04,4.39,3.69,8.60,0.0,3.66,9.79,0.0,0.00,10.1,0.00,1.61,10.8,0.0,0.00,1.10,8.12,1.10
C,10.4,0.0,0.00,0.0,8.88,0.0,0.0,10.2,9.30,0.0,0.0,9.43,0.0,0.00,11.3,6.79,0.0,8.94,3.89,3.22,8.71,0.0,2.56,0.00,6.41,6.53
D,9.89,0.0,1.39,0.0,10.5,0.00,0.0,3.99,9.43,3.74,0.0,2.71,4.19,2.40,9.33,0.0,0.0,9.39,3.00,0.0,8.59,4.39,5.76,0.0,6.12,3.97
E,9.01,4.78,7.19,8.76,2.56,5.65,6.57,4.77,7.13,2.08,4.33,8.69,7.68,8.94,1.79,6.09,6.17,7.51,7.47,6.40,8.51,8.58,6.28,8.53,5.44,4.16
F,8.89,0.0,0.0,1.10,9.88,1.10,0.00,2.40,9.29,4.30,0.0,8.80,0.0,0.00,9.81,0.0,0.0,9.89,0.00,3.00,8.01,0.0,0.0,0.0,2.71,0.0
G,9.28,0.00,0.00,3.26,9.72,1.10,0.0,6.01,8.40,2.08,0.0,7.66,1.95,2.48,9.94,4.29,0.0,9.53,1.39,0.0,8.47,0.0,4.58,0.0,4.88,0.0
H,10.1,0.0,0.0,0.0,10.5,0.0,0.0,0.0,9.46,1.39,0.00,4.56,2.64,0.0,10.0,0.0,0.0,4.13,3.18,0.00,8.64,1.79,3.18,0.0,6.38,1.95
I,6.18,5.12,6.05,6.34,2.71,8.90,5.34,1.10,2.08,0.69,3.95,7.71,7.34,10.9,6.76,3.30,3.00,8.62,9.43,10.1,1.95,6.38,3.18,1.39,0.69,4.52
J,10.2,0.0,0.0,0.0,9.33,0.0,0.0,3.58,7.57,0.0,0.0,0.0,0.0,0.0,9.76,0.00,0.0,7.67,0.00,0.0,9.25,0.0,0.00,0.0,1.95,0.0
K,8.84,2.94,3.37,3.71,9.10,4.28,4.42,6.70,8.66,3.33,0.0,7.49,2.30,7.80,8.41,0.0,0.0,7.74,1.10,1.10,7.74,2.56,4.36,0.0,5.90,0.69
L,9.82,0.0,0.0,0.0,9.71,0.0,0.0,1.10,9.52,3.22,0.0,6.02,0.0,0.69,9.64,0.00,0.0,0.00,2.64,6.35,8.10,3.00,0.00,0.0,7.36,0.0
M,11.0,2.20,8.68,6.05,9.76,3.00,3.26,2.20,10.1,0.0,3.83,1.95,3.37,2.64,10.1,0.00,0.0,11.2,9.03,3.22,8.91,0.0,1.95,0.0,7.92,0.00
N,9.60,4.41,5.06,5.30,10.9,5.11,5.09,3.97,8.57,1.61,0.00,0.00,1.39,0.0,10.0,0.0,0.0,2.20,0.0,2.48,7.04,1.61,2.20,0.0,5.68,0.00
O,6.25,6.52,7.85,5.83,3.83,8.34,5.26,7.04,6.05,3.09,6.45,8.54,5.63,9.34,3.83,7.94,1.10,8.57,7.09,7.87,7.67,7.14,6.30,5.61,4.98,5.16
P,10.2,0.0,0.00,0.69,9.68,5.23,2.56,9.47,8.61,0.0,0.69,8.54,0.0,1.79,9.34,1.95,0.0,10.2,5.52,3.64,8.28,1.10,4.39,0.69,5.29,0.0
Q,5.25,4.14,4.68,4.82,5.00,4.82,4.57,4.60,4.30,0.0,0.0,0.0,0.0,0.0,0.00,0.0,0.0,0.0,0.0,8.27,8.47,0.0,2.40,0.0,0.0,0.0
R,9.19,3.95,4.16,4.93,10.3,4.73,3.99,6.70,9.26,0.0,0.0,1.10,0.00,0.0,9.97,0.0,0.0,0.00,1.10,1.79,9.13,0.0,1.39,1.79,6.74,2.56
S,10.0,2.71,9.36,0.0,10.8,1.39,5.33,10.1,9.21,0.69,7.05,7.47,7.96,6.40,10.1,8.98,7.06,5.06,0.69,10.8,9.61,5.19,7.85,0.00,8.11,4.74
T,8.94,4.23,4.81,0.0,9.32,0.0,0.0,12.0,9.57,0.00,2.48,1.79,0.0,0.0,9.71,0.0,0.0,9.24,7.98,0.0,8.75,1.95,7.88,1.61,7.54,2.64
U,1.39,3.87,3.71,4.17,3.33,2.83,4.13,4.04,1.39,2.20,7.04,6.09,4.61,10.2,1.10,7.21,0.0,6.53,6.70,6.44,0.69,0.0,3.87,0.00,0.00,4.99
V,8.57,0.0,0.0,0.0,8.21,0.0,0.0,0.0,9.16,0.69,0.0,5.70,0.0,0.69,7.61,0.0,0.0,4.62,1.95,4.89,4.79,0.0,0.0,0.0,4.14,0.0
W,9.86,0.0,0.0,0.0,10.2,0.0,0.0,9.92,9.70,0.0,3.30,2.71,0.69,0.0,9.09,0.00,0.0,6.80,2.77,5.12,5.23,0.0,0.00,0.0,6.38,0.0
X,4.93,0.0,0.0,0.0,4.83,0.0,0.0,1.39,4.68,0.0,0.0,0.0,0.0,0.0,2.40,0.00,0.0,0.0,0.69,0.69,2.20,0.0,0.0,0.69,2.30,0.0
Y,8.09,1.61,0.0,0.0,8.59,0.0,0.0,0.0,6.83,0.0,0.0,2.40,0.0,1.95,10.4,3.40,0.0,7.75,3.00,1.10,7.25,5.09,0.0,0.0,0.0,3.33
Z,6.95,2.48,0.00,3.33,6.86,0.0,0.00,5.56,6.75,0.00,0.0,0.69,2.40,0.0,5.92,0.0,0.0,0.69,2.71,0.0,5.80,4.38,4.22,0.0,3.43,0.0
